phys_par
2.987590138954911545e+00
2.576900471668195358e+00
2.911635562701597291e+00
2.519534788530442881e+00
2.838990241411172288e+00
2.876399741714514846e+00
2.336984096575391856e+00
2.845060001727139465e+00
2.692042826530893773e+00
2.549141583244747267e+00
2.834975166153033577e+00
2.791570041664197976e+00
2.080495355358601639e+00
2.173069869190093151e+00
2.582700253089553755e+00
3.006991960157048727e+00
2.576765700767086997e+00
2.933929973456626872e+00
2.930050835693042366e+00
2.981684276972755843e+00
2.757782351334459037e+00
2.526707896627650385e+00
2.632815079486271692e+00
2.614781641210524477e+00
2.575008345969810097e+00
2.767190871904854355e+00
2.802961486433066529e+00
2.332809793094478223e+00
2.732119647187759792e+00
2.961855761964900857e+00
2.657737686051150572e+00
3.001735287871913460e+00
2.891401316809668831e+00
2.568007133737826297e+00
2.800847279593364103e+00
2.590666545158912371e+00
2.952584262200772081e+00
2.706989654745947327e+00
2.582700253089553755e+00
2.637263883325435376e+00
2.662861030482024383e+00
2.842297485295375736e+00
2.880174034444058062e+00
2.702807261820473261e+00
2.503750717331225228e+00
2.389035688665593682e+00
2.622155451075521171e+00
2.777243115927158001e+00
2.723877110473382324e+00
2.738256834201292733e+00
2.872057858953442899e+00
2.769009443988464270e+00
2.489622662134904463e+00
2.918039003605434889e+00
2.604810856020066012e+00
2.901631955555601827e+00
3.007918402323351614e+00
2.855139337688335388e+00
2.585167397405921275e+00
2.331136158694883331e+00
2.882579214569925163e+00
2.823149643225224992e+00
3.004785030629857356e+00
3.088675894067366645e+00
2.712302706763877858e+00
2.985766527325633746e+00
2.641157845024464823e+00
2.946282418334705167e+00
2.743229634120837535e+00
2.767090194552499050e+00
2.731849797798538759e+00
2.615980752996692971e+00
2.774656670354492149e+00
2.622155451075521171e+00
2.251494541636035684e+00
2.659708864624749758e+00
2.790536453605550360e+00
2.582121692558336790e+00
2.788824821420002653e+00
2.516436315963022086e+00
2.615795715263726340e+00
2.746019516888729584e+00
2.836439475320845283e+00
2.901661224554575202e+00
2.546806563272216550e+00
3.004785030629857356e+00
2.589969334650834121e+00
2.453357148572608892e+00
2.393792693763277413e+00
2.542962550171323333e+00
2.946851758286714418e+00
2.766677751304956967e+00
2.933929973456626872e+00
2.707245444279159141e+00
2.927338282642383938e+00
2.052626614227011981e+00
3.011915868547801800e+00
2.971450769025811400e+00
2.931221755993309586e+00
3.054985336298256193e+00
2.684291487928684550e+00
2.642882428544331308e+00
2.926125586858095318e+00
2.611470278899382436e+00
2.615795715263726340e+00
2.452749566985218621e+00
2.645113482392264181e+00
2.862458072562747979e+00
2.801135585506853154e+00
2.336984096575391856e+00
2.718363187483524790e+00
2.791010583516237098e+00
2.605257011787484256e+00
2.991865261036064094e+00
2.625359021069345378e+00
2.736627776134032963e+00
3.089219443984018820e+00
2.724416430114379395e+00
3.268493994083309762e+00
2.876707584666629458e+00
3.103857031305361502e+00
2.380711685477333361e+00
2.653308711336204606e+00
2.728602878770691742e+00
2.521523105531968234e+00
2.773529597348454168e+00
2.892134479606285780e+00
2.556746878710442150e+00
2.970022139146653029e+00
2.598547003150001533e+00
2.501517588447048190e+00
2.758329281564197544e+00
2.425949173744785803e+00
2.582590159969888610e+00
2.679474823918007953e+00
2.801400015534369459e+00
2.545158394875235874e+00
2.414788747686946735e+00
2.602453417998135343e+00
2.853580835245368874e+00
2.567291902220499189e+00
2.941251963799847768e+00
3.008963182158442606e+00
3.075140085535014389e+00
2.955229542411177412e+00
2.275864305813452226e+00
2.749474738530061302e+00
2.690469508940011245e+00
2.726411660564772355e+00
2.741717120818809583e+00
2.768113793719662485e+00
2.595810744034594553e+00
3.107511202295150099e+00
2.868985031230375515e+00
2.970800616483036727e+00
3.242998820238196078e+00
2.544487969244117576e+00
2.576765700767086997e+00
2.977619480736710678e+00
2.820571233896278507e+00
2.680228133547498004e+00
2.951869906905515428e+00
2.478379511826856341e+00
2.675365670702255727e+00
3.073703152917739434e+00
2.923125080871193049e+00
2.873894300008750236e+00
2.489201160751110642e+00
2.862245072834145088e+00
2.707741464203356596e+00
2.738919713445021387e+00
2.643732786979095195e+00
2.519534788530442881e+00
2.971951284602286414e+00
2.516436315963022086e+00
2.429308026968276302e+00
3.095011750479614410e+00
2.584156375413630524e+00
2.634993691603265464e+00
2.889771242707609211e+00
2.623534034766543677e+00
2.617293760603812913e+00
2.737953508022664906e+00
2.581831450975067277e+00
2.716729975634316840e+00
2.991865261036064094e+00
2.702217452181448376e+00
2.778970258572700303e+00
3.104735544594956043e+00
2.787921210581239428e+00
3.079895919751373334e+00
2.504057766008128016e+00
2.871816002979656002e+00
3.033004941712202474e+00
2.971686166060817147e+00
2.707109717007985861e+00
3.239757881639236281e+00
2.692975542133786426e+00
2.665319468402887804e+00
2.628242823029918185e+00
2.971085083265208482e+00
2.856859895796217685e+00
1.917468950724799726e+00
3.203961976119519495e+00
2.611470278899382436e+00
3.152946438785575900e+00
2.601698280012250120e+00
2.941251963799847768e+00
2.662412039316396140e+00
2.985766527325633746e+00
2.732540349910119737e+00
2.688023219878621806e+00
2.669311698068854710e+00
2.546814153539172398e+00
2.625432345437696213e+00
2.874638771104083723e+00
2.798043198086518579e+00
3.060384548902680191e+00
2.577542058211407916e+00
2.637877231534901057e+00
2.879823405909739620e+00
2.459575336683392788e+00
2.407535922620950952e+00
2.445336118377576806e+00
2.747535039008970781e+00
2.639456712182533416e+00
2.695202131147164337e+00
2.708983880877396277e+00
3.039220787063042106e+00
3.281206128216134665e+00
2.947626621907176503e+00
3.149630252781865813e+00
2.631279822629396303e+00
2.704458349697677733e+00
2.745776527504334208e+00
2.889603298305889467e+00
2.858927471848762281e+00
2.580356367008662222e+00
2.490218837708340516e+00
2.782574113445285491e+00
3.089192248991329048e+00
2.988014699795241036e+00
3.125983944656663294e+00
2.766430720266587873e+00
2.604954882494718404e+00
2.883480801709293662e+00
2.805477272838262870e+00
2.610815100564946700e+00
2.505452840087347255e+00
2.894749348173005554e+00
2.835624263402312550e+00
3.039842393399227571e+00
2.991055254428196530e+00
2.617806052639112480e+00
2.566779081519460437e+00
2.552759357350942615e+00
2.360226503851873936e+00
2.906452793509898047e+00
2.788725440817109380e+00
2.819549683047092969e+00
2.405308972517029797e+00
2.520156266572535664e+00
2.682494766881896364e+00
2.879261608921310778e+00
2.905191091105308043e+00
2.663518831102244633e+00
2.659739299356049358e+00
2.570320905576246595e+00
2.794446235173258852e+00
2.673983346758728175e+00
2.797241128197299531e+00
3.210530614307232522e+00
2.867398687750789765e+00
2.698678273502313374e+00
2.863422903566925637e+00
2.617358981748215463e+00
2.780650715364581416e+00
2.311730240962756255e+00
2.628242823029918185e+00
3.030800690761615179e+00
2.858696035217465514e+00
2.754087052347791609e+00
2.353177209078872512e+00
2.778509883752620979e+00
2.839497774693534815e+00
2.729917676202408661e+00
2.937016737789053256e+00
2.681221437572752997e+00
2.984522213895697274e+00
2.704243905443176832e+00
2.719024365397769927e+00
2.747765741195148159e+00
2.914582095202906231e+00
2.955229542411177412e+00
2.598547003150001533e+00
2.888853882705451515e+00
3.168389590644079767e+00
2.611470278899382436e+00
2.414788747686946735e+00
2.861016374578349897e+00
2.823752202094105268e+00
2.433959337203783324e+00
2.775101719540189471e+00
2.791340504441094161e+00
3.026314883584083404e+00
2.844529330642656006e+00
2.579023559233537988e+00
2.987590138954911545e+00
2.590893535077781085e+00
2.768434651599777752e+00
2.890375226816089604e+00
2.923125080871193049e+00
2.773820065072966301e+00
2.631279822629396303e+00
2.961855761964900857e+00
2.564858225052647267e+00
2.625359021069345378e+00
3.044801194281172130e+00
2.638623731215854029e+00
2.660619824838194258e+00
2.625359021069345378e+00
2.510398638518967385e+00
2.608219805898769561e+00
2.861046893753683484e+00
2.476871100213165811e+00
2.620893256621359413e+00
2.347687771610269980e+00
2.430864071821608352e+00
2.874638771104083723e+00
2.948864776546339606e+00
2.805088836228455840e+00
3.096750329419522441e+00
2.894749348173005554e+00
2.880254926264450788e+00
2.487320069882512197e+00
2.487320069882512197e+00
2.565135277365901523e+00
2.666461094059203951e+00
2.943212624738313465e+00
2.842244744756134089e+00
2.709787387787854662e+00
2.811228512075841124e+00
2.939561427988832243e+00
2.325208412691885052e+00
2.386204023777142691e+00
2.503450949306056383e+00
2.867729486482113899e+00
2.892134479606285780e+00
2.496941388127660755e+00
2.386769649513354796e+00
2.878275646947544786e+00
2.241094378662633169e+00
3.076338228058798752e+00
2.636288423619688626e+00
3.076338228058798752e+00
2.660420670710238245e+00
2.853580835245368874e+00
2.389980378601972877e+00
2.925010679642678468e+00
2.257545291793136233e+00
2.746649565965419981e+00
2.765839365105941638e+00
2.946851758286714418e+00
2.727929528832311767e+00
2.792580089970448487e+00
2.582121692558336790e+00
2.772402543843454303e+00
2.971686166060817147e+00
3.033004941712202474e+00
2.726470115876778344e+00
2.708449644422564528e+00
3.058043502819713488e+00
3.018834359699761549e+00
2.722538410189863090e+00
2.854872561621341287e+00
2.780188346252031373e+00
2.747518488326703867e+00
2.872730479589389763e+00
2.761781027995489080e+00
2.666461094059203951e+00
2.716965467108777510e+00
3.210992454074651725e+00
2.623534034766543677e+00
2.956159212609624554e+00
2.880386914387039088e+00
2.838095863663262719e+00
2.615567761692914939e+00
2.861016374578349897e+00
2.720479662225478101e+00
2.889033633074145957e+00
2.593734422471626111e+00
2.637263883325435376e+00
2.787456124599526852e+00
2.812855093108923121e+00
2.726251354892150314e+00
2.586181424872377566e+00
2.546814153539172398e+00
2.782687784115982055e+00
2.689214853250170290e+00
2.818292233891573684e+00
2.451457355828648321e+00
2.506723092288182464e+00
2.386844462854261550e+00
2.881669041844519885e+00
2.662412039316396140e+00
2.567291902220499189e+00
2.870094361108347591e+00
2.926125586858095318e+00
2.952584262200772081e+00
2.894877109652099545e+00
2.894864918986955082e+00
2.948850468334997199e+00
2.682142109247486417e+00
2.938883771259238387e+00
2.692381213529265516e+00
2.746292825684364836e+00
2.969766540676580302e+00
2.404690004132431724e+00
2.662505877857350711e+00
2.941063712045338008e+00
2.732552478571495858e+00
2.683773539114325590e+00
2.423840021009855850e+00
2.926125586858095318e+00
2.904688143320265592e+00
2.843086855922788647e+00
2.952890098561820054e+00
2.751805857587036552e+00
2.675177245210434318e+00
2.535503934512162605e+00
3.060384548902680191e+00
3.076849700361302009e+00
2.197146927602743549e+00
2.593542585905395104e+00
2.704548922217537399e+00
2.799476425078631703e+00
2.649820412473030018e+00
2.647144222892053644e+00
2.419863230438654256e+00
3.178156659821791408e+00
2.905685444977125886e+00
2.762610430688620777e+00
2.901661224554575202e+00
2.813883460048467455e+00
2.721048417604728265e+00
2.906930854743473791e+00
2.744916913861424668e+00
2.852099738380414973e+00
3.016065096483953489e+00
2.595196493132986504e+00
3.033523422413205939e+00
2.471046081323315491e+00
2.615567761692914939e+00
2.695647613661562136e+00
2.557844292304444878e+00
2.453274657037318285e+00
2.789984940131899016e+00
2.952870014983379754e+00
2.903492013374961100e+00
2.902840907419953709e+00
2.282539286795811417e+00
3.108899400946540492e+00
2.586181424872377566e+00
2.885494571417597243e+00
2.644311088863518400e+00
2.541898175586755571e+00
2.870573352576598847e+00
2.858839798022549950e+00
2.872730479589389763e+00
2.889597370688766542e+00
2.507177352597340647e+00
3.210086921673140026e+00
2.627949325201742958e+00
2.816709270521774666e+00
2.766308055706464319e+00
2.753229728699721157e+00
2.708080901711707789e+00
2.792927963389931101e+00
2.535187021736156954e+00
2.742274429135067138e+00
2.617806052639112480e+00
2.466372873028689572e+00
2.634989656204397068e+00
2.880486856488882808e+00
2.777426940358114216e+00
2.788398808812763363e+00
2.863622290707524165e+00
3.017249157454249264e+00
2.761326380684210324e+00
2.792649844604141673e+00
2.857198378173635867e+00
2.782999765626367861e+00
2.552759357350942615e+00
2.726176136658324811e+00
3.019329645874152313e+00
2.639456712182533416e+00
2.701793525136954699e+00
2.542962550171323333e+00
2.342176541208740748e+00
2.946282418334705167e+00
2.647208235345940519e+00
2.556661208207846592e+00
2.309361134279988903e+00
2.787821459766815835e+00
3.149468288834827323e+00
1.810957895912877369e+00
2.781965585924055073e+00
2.976803126636639263e+00
2.856859895796217685e+00
2.809995765293302306e+00
2.949208136569527294e+00
3.026314883584083404e+00
2.496392033219169360e+00
3.210699066872995111e+00
3.008963182158442606e+00
2.688824610892745159e+00
3.033004941712202474e+00
2.754429116007316214e+00
2.503492407376638695e+00
3.036604314896457879e+00
2.651123733678489636e+00
2.679356038701746101e+00
2.741684609307337706e+00
2.933613708104318096e+00
2.731202931179175675e+00
2.584156375413630524e+00
2.932220441999344285e+00
2.659096076453129065e+00
2.804785140105834351e+00
2.836634009535524470e+00
2.580356367008662222e+00
2.727607361244827722e+00
2.923835121797591974e+00
2.931221755993309586e+00
2.422512455203857495e+00
3.079895919751373334e+00
2.695267760107609156e+00
2.820826249850633793e+00
3.012941400619810306e+00
2.489622662134904463e+00
3.017249157454249264e+00
3.000569117586776802e+00
2.958027735854757534e+00
3.035494639251242965e+00
2.463267594438858676e+00
2.628204598804470216e+00
2.834939101415415497e+00
2.748973295879601153e+00
3.102061273650491557e+00
3.006991960157048727e+00
3.182043202297418549e+00
3.132311926154831561e+00
2.746753722549651222e+00
2.779176366966493283e+00
2.889597370688766542e+00
2.217971322008810642e+00
2.611177945129261158e+00
2.827834777870364302e+00
2.970430760080727151e+00
3.108899400946540492e+00
2.897539990351960082e+00
2.925598060931127620e+00
2.615795715263726340e+00
2.949208136569527294e+00
3.149630252781865813e+00
3.152946438785575900e+00
2.965026120295564116e+00
2.880174034444058062e+00
2.873158483566347066e+00
2.412965633525552267e+00
2.809197637746883025e+00
2.386769649513354796e+00
2.749036989917962082e+00
2.492089168360313689e+00
2.652280522581898836e+00
3.103608992029005531e+00
3.018642547585795199e+00
2.389035688665593682e+00
2.895836241707643310e+00
2.637877231534901057e+00
2.812688853211761320e+00
2.642495129431371215e+00
2.912508380211686898e+00
2.867911045874475207e+00
2.836829407009401116e+00
2.662505877857350711e+00
2.994822861152367732e+00
2.985458547624657566e+00
2.908738547514811312e+00
2.611177945129261158e+00
3.004785030629857356e+00
2.526707896627650385e+00
2.639456712182533416e+00
2.350559295501900792e+00
2.579322300704361748e+00
2.430492086146065489e+00
2.589969334650834121e+00
2.615197424816506189e+00
2.867729486482113899e+00
2.493610912644541600e+00
2.791322412286700860e+00
2.807088165171043759e+00
3.071640473857084164e+00
3.094824341190087313e+00
2.796935107952517985e+00
2.850850250693178545e+00
2.689305494309081723e+00
2.615197424816506189e+00
2.550095910449395209e+00
2.753049287814541835e+00
2.755478062112650228e+00
2.814812527912843976e+00
2.726671559474152406e+00
2.573970714770779100e+00
2.657737686051150572e+00
2.652223173484410168e+00
2.510051059018610697e+00
2.428768976664367418e+00
2.302670853088025105e+00
2.719605060570455812e+00
3.205889984149346450e+00
2.450634709858129145e+00
2.734279624370588024e+00
3.075330470104748581e+00
2.179647376710633466e+00
2.825167693007962111e+00
2.564435545362007129e+00
3.086782799680352962e+00
2.918421660184272515e+00
2.582590159969888610e+00
2.943168072398595125e+00
2.549704848389006351e+00
2.974307954490596817e+00
2.630099805373641075e+00
2.584464398554923381e+00
2.652280522581898836e+00
2.638623731215854029e+00
2.505305819785446531e+00
2.657191334925152582e+00
2.934650532769242481e+00
2.831874821972860445e+00
2.575008345969810097e+00
2.526707896627650385e+00
3.059600776955224699e+00
2.946851758286714418e+00
2.865840812588956510e+00
2.711543698219436749e+00
2.814744916967029553e+00
2.918421660184272515e+00
3.019567337130723228e+00
2.423846841291842580e+00
2.635129327616077877e+00
2.712302706763877858e+00
2.738095014285889750e+00
2.885494571417597243e+00
2.933613708104318096e+00
2.605257011787484256e+00
2.939240809110256869e+00
2.848500839410825769e+00
2.495389250668855308e+00
2.788991189981135932e+00
2.450634709858129145e+00
2.671724728097870205e+00
2.441312704540418377e+00
2.471046081323315491e+00
3.063362236308127429e+00
2.556661208207846592e+00
2.507177352597340647e+00
3.083667529461678658e+00
2.774925478471850226e+00
2.602453417998135343e+00
2.899257769912000793e+00
2.809194583276312329e+00
2.419013278035693215e+00
2.025035618365816248e+00
3.049619744872121618e+00
2.742212588843684351e+00
2.781202428306318808e+00
2.751292255630332750e+00
2.735704983506762389e+00
2.946194276288143676e+00
2.687880560417677422e+00
2.902387041996528527e+00
2.663546503638336560e+00
3.179003252969469173e+00
2.803285838540253927e+00
3.006427811805775896e+00
2.070828536031949163e+00
2.419013278035693215e+00
2.557175199865958870e+00
2.837851843034353116e+00
2.627893343964974981e+00
2.805111085210143074e+00
2.943212624738313465e+00
2.876707584666629458e+00
3.001735287871913460e+00
2.552759357350942615e+00
2.487320069882512197e+00
2.740922713907599118e+00
2.636288423619688626e+00
2.704580972148735274e+00
2.724512506709340531e+00
2.592419855942408979e+00
2.626371897645760178e+00
2.508877655829200304e+00
2.798795874184673238e+00
2.857941292054616333e+00
2.901631955555601827e+00
2.976678087009457574e+00
2.812808378969775092e+00
2.855343318990112067e+00
2.510051059018610697e+00
2.350957218577216956e+00
3.089219443984018820e+00
2.861046893753683484e+00
2.826270672542090523e+00
2.650438497131490934e+00
3.096750329419522441e+00
2.317094616098468229e+00
2.653064628302947092e+00
2.900685356953469629e+00
2.769855265324054017e+00
2.924323992318606180e+00
2.865281989555525488e+00
2.242891670840833296e+00
2.682488653982721960e+00
2.689214853250170290e+00
2.693456524063927660e+00
2.804264311112417474e+00
2.833000946393468666e+00
2.845554297831743629e+00
2.627949325201742958e+00
2.984141824668485210e+00
2.511514822137837832e+00
2.386844462854261550e+00
2.684225919002844574e+00
2.933613708104318096e+00
2.786237112005252037e+00
2.344587750683784666e+00
2.934650532769242481e+00
2.740474652037355519e+00
2.750031804190520290e+00
2.450189628281431720e+00
2.659096076453129065e+00
2.489201160751110642e+00
2.407535922620950952e+00
2.529336356852196488e+00
2.652565406362669798e+00
2.546806563272216550e+00
2.961855761964900857e+00
2.611883518339852550e+00
2.946194276288143676e+00
2.775840283830409039e+00
2.823845444757958845e+00
3.039220787063042106e+00
2.635103642909161437e+00
2.715326276795115845e+00
2.662861030482024383e+00
2.753484416358721099e+00
2.519534788530442881e+00
2.629954067602146228e+00
3.045517313394400016e+00
2.882579214569925163e+00
2.438090699892450974e+00
3.033523422413205939e+00
2.580925884748570542e+00
2.438090699892450974e+00
2.987777819312959604e+00
2.576373917735507391e+00
2.911389127289409462e+00
2.493610912644541600e+00
2.828354416007026195e+00
2.769595468878197408e+00
2.490218837708340516e+00
2.501643543060882102e+00
2.520012196707048346e+00
2.873158483566347066e+00
2.659708864624749758e+00
3.006991960157048727e+00
2.958027735854757534e+00
2.535187021736156954e+00
2.382121410733934574e+00
2.899257769912000793e+00
2.576900471668195358e+00
2.863622290707524165e+00
2.976678087009457574e+00
2.814289979377730955e+00
2.687880560417677422e+00
2.855052161488603524e+00
2.483501368274340759e+00
2.585063996820501142e+00
2.791788097484473319e+00
2.694639077635023305e+00
2.360803640827670691e+00
2.549704848389006351e+00
2.627949325201742958e+00
2.671187855199764982e+00
3.018834359699761549e+00
2.905685444977125886e+00
2.882739457155131024e+00
2.752445050424368045e+00
2.625432345437696213e+00
2.943168072398595125e+00
2.873894300008750236e+00
3.104735544594956043e+00
2.592663696520453254e+00
2.829825170378864385e+00
2.486663842681536618e+00
2.696750177603258969e+00
2.255947006523673082e+00
2.840591251635423475e+00
2.877738056869934002e+00
2.637263883325435376e+00
2.704548922217537399e+00
2.642495129431371215e+00
2.611011741895132854e+00
2.900608250053152926e+00
2.793016754781022293e+00
2.717107475055838606e+00
2.618794242467183064e+00
2.510051059018610697e+00
2.484034229124891802e+00
2.873966275092985523e+00
2.767762238128716579e+00
2.706173875678327345e+00
2.878550827756286346e+00
3.026146268687321506e+00
2.548112554935474172e+00
2.360226503851873936e+00
2.653001057997513623e+00
2.574362586979184631e+00
2.800529949702018406e+00
2.824894980454665028e+00
3.008963182158442606e+00
2.891960607433830877e+00
2.593542585905395104e+00
2.865281989555525488e+00
2.648805202793226066e+00
2.610815100564946700e+00
2.722533096730665569e+00
2.364825436048303864e+00
2.122079640055234862e+00
2.913593072334733414e+00
2.632815079486271692e+00
2.972897775007840249e+00
2.423840021009855850e+00
2.704539079225255271e+00
2.793086044174127203e+00
3.033425627100141853e+00
2.680023359725981269e+00
2.726443761755910522e+00
2.641491741354506928e+00
2.389980378601972877e+00
2.904688143320265592e+00
2.798117349518314256e+00
2.829572898872157349e+00
2.952870014983379754e+00
3.018642547585795199e+00
2.965684962296416760e+00
2.650559708902254563e+00
2.787041423940792573e+00
2.632815079486271692e+00
2.417914288445567106e+00
3.149774355480003951e+00
2.476871100213165811e+00
2.429308026968276302e+00
2.940107397537309541e+00
2.612892960703601553e+00
2.708080901711707789e+00
2.939240809110256869e+00
2.616214662322390083e+00
3.193586499393952227e+00
2.987777819312959604e+00
2.991865261036064094e+00
2.739245441004633186e+00
2.330919978906437873e+00
3.004534848171472206e+00
2.367825481584887370e+00
2.779996380120476118e+00
2.909304990188551709e+00
2.878275646947544786e+00
2.798138972424375481e+00
2.714698689806997578e+00
2.774540393528910354e+00
2.569614655563453365e+00
3.021018316639093815e+00
2.911389127289409462e+00
2.974307954490596817e+00
2.922173097718985701e+00
3.088437201739218985e+00
3.033425627100141853e+00
2.680056812193089222e+00
2.764684516657556657e+00
2.673841420487073073e+00
2.565135277365901523e+00
2.868240137248186272e+00
2.422421079126655385e+00
2.819825494736782900e+00
2.161844287940930531e+00
2.590893535077781085e+00
2.761660198314389802e+00
2.350957218577216956e+00
2.861552775267245607e+00
2.441312704540418377e+00
3.071640473857084164e+00
2.647208235345940519e+00
2.880386914387039088e+00
2.547053156347319103e+00
3.019567337130723228e+00
2.585063996820501142e+00
2.716100735901442853e+00
3.035494639251242965e+00
2.564435545362007129e+00
2.544827180027535274e+00
2.428768976664367418e+00
2.776184318652565430e+00
2.423840021009855850e+00
2.862689138065326766e+00
2.785809520087482838e+00
2.505305819785446531e+00
2.696750177603258969e+00
2.553165189097432286e+00
2.766641567545933711e+00
2.425949173744785803e+00
2.871442948715859700e+00
2.213345746365237954e+00
2.741528112271590434e+00
3.093401650154856686e+00
2.667039093511178294e+00
2.675231257492480808e+00
2.404690004132431724e+00
2.682488653982721960e+00
2.977656121553998947e+00
2.301101608122545272e+00
3.058043502819713488e+00
2.671023318038465266e+00
2.948864776546339606e+00
2.847455887803651553e+00
2.549714722694464974e+00
3.083667529461678658e+00
2.441396647145166909e+00
2.599701520872986116e+00
2.925590181716689830e+00
2.445336118377576806e+00
2.643732786979095195e+00
2.838439425044457565e+00
2.570320905576246595e+00
2.384476678068227606e+00
2.900501277500059150e+00
2.104145471245221444e+00
2.850919321644187931e+00
3.062121322840081650e+00
2.894864918986955082e+00
2.757773801172566763e+00
2.798995797407003217e+00
2.815242281638913102e+00
2.770327819581293038e+00
2.421409697177237863e+00
2.996058906785395326e+00
2.679474823918007953e+00
2.729173790455409865e+00
2.861797425622555568e+00
3.039220787063042106e+00
2.670515261890400449e+00
2.550358301812670092e+00
2.619948695890832013e+00
2.657729347177406609e+00
2.933929973456626872e+00
2.616214662322390083e+00
2.832562212718064742e+00
2.860685692297491034e+00
3.086782799680352962e+00
2.840591251635423475e+00
2.801609130005306980e+00
2.952584262200772081e+00
2.580925884748570542e+00
2.652157073957377875e+00
2.802395295230891037e+00
2.637849142265841884e+00
2.942115845222509130e+00
2.862393091372247067e+00
2.703997663749959202e+00
2.605257011787484256e+00
2.604607198912946675e+00
2.824304199656160641e+00
3.006427811805775896e+00
2.626371897645760178e+00
2.618794242467183064e+00
2.730538432659652237e+00
2.669311698068854710e+00
2.836634009535524470e+00
2.480099034663787005e+00
3.103857031305361502e+00
2.938883771259238387e+00
2.940107397537309541e+00
2.611011741895132854e+00
2.728371986591266563e+00
2.657191334925152582e+00
2.615527190314784090e+00
2.650997571642471407e+00
2.696495401327619668e+00
2.718528585055543179e+00
2.579322300704361748e+00
2.868992138024566874e+00
2.882122362743743782e+00
2.701223904433041945e+00
2.492988905218402440e+00
2.623534034766543677e+00
2.217987645729213586e+00
2.805228171560128381e+00
2.543437219732770593e+00
2.952890098561820054e+00
2.133878143394015492e+00
2.889771242707609211e+00
2.535503934512162605e+00
2.577542058211407916e+00
2.589302294116461400e+00
3.181571453937792615e+00
3.077255378493092053e+00
2.803385058194807655e+00
2.648521521686977742e+00
2.881828137186559946e+00
3.193672456331830389e+00
2.816498858637864089e+00
2.628242823029918185e+00
2.996058906785395326e+00
2.903492013374961100e+00
2.740342326958977281e+00
2.356028869477821086e+00
3.035494639251242965e+00
2.476871100213165811e+00
2.524002602999458222e+00
2.679967563703497646e+00
3.159129896490710632e+00
3.112517019299655630e+00
2.713152032439887673e+00
2.652271613331953937e+00
2.765010761888053281e+00
3.077255378493092053e+00
2.790649410963823129e+00
2.841882298044936306e+00
2.684291487928684550e+00
2.675460333563725701e+00
2.580356367008662222e+00
2.853950330644743794e+00
3.331089174036593992e+00
2.850027320257862762e+00
2.729256806605423247e+00
2.800724446593073402e+00
3.059738392092273163e+00
2.773661888072992632e+00
2.813504095412659556e+00
2.778584936782967141e+00
2.750270234356098520e+00
2.712805773033123646e+00
2.651123733678489636e+00
2.629954067602146228e+00
2.508877655829200304e+00
2.943168072398595125e+00
2.987590138954911545e+00
2.719362849466328669e+00
2.590682642285862425e+00
2.576900471668195358e+00
2.763596378640027496e+00
2.729270553122506549e+00
2.855362598672455565e+00
2.653308711336204606e+00
2.679967563703497646e+00
2.877890839688612701e+00
2.798933681549168107e+00
2.814315275661551929e+00
2.970022139146653029e+00
2.794492438104123178e+00
2.807242398926516280e+00
2.775564650137773981e+00
2.730398686125337537e+00
2.987777819312959604e+00
2.828008806237892969e+00
2.463267594438858676e+00
3.047977328095539118e+00
2.826270672542090523e+00
2.970022139146653029e+00
3.018642547585795199e+00
3.102061273650491557e+00
2.725078544922040713e+00
2.505452840087347255e+00
2.908738547514811312e+00
2.773192931327812971e+00
2.508877655829200304e+00
2.531455435672670173e+00
2.283850451688751448e+00
2.716896833705053638e+00
2.447310320773472547e+00
2.723904126822137339e+00
2.463132203882685722e+00
2.783328126773957134e+00
2.974022185584308531e+00
2.350559295501900792e+00
2.667039093511178294e+00
2.894840095978445049e+00
2.939240809110256869e+00
2.815938110621511115e+00
2.611177945129261158e+00
2.734438712064743093e+00
2.842297485295375736e+00
2.635103642909161437e+00
2.660442106325044520e+00
2.757064553049196842e+00
2.881828137186559946e+00
3.186765310796529693e+00
2.619948695890832013e+00
2.845554297831743629e+00
2.617358981748215463e+00
2.719910922575095480e+00
2.803702456700731815e+00
2.862205966510682487e+00
2.743046709408891282e+00
2.683773539114325590e+00
2.692381213529265516e+00
2.553165189097432286e+00
2.379886343002123095e+00
2.867911045874475207e+00
2.629954067602146228e+00
2.712190394801243354e+00
2.652565406362669798e+00
2.780831572231989846e+00
3.209076902524707009e+00
2.380711685477333361e+00
2.971085083265208482e+00
2.465596307315770730e+00
2.925580824075838304e+00
2.585940595223005012e+00
2.445336118377576806e+00
2.722106472305211078e+00
2.645113482392264181e+00
2.584156375413630524e+00
1.983514535018448210e+00
2.455294195039681604e+00
3.049619744872121618e+00
2.710706312665839501e+00
2.868985031230375515e+00
2.847607366864063572e+00
2.695267760107609156e+00
2.834353869975118734e+00
3.089192248991329048e+00
2.925580824075838304e+00
2.790080491578152522e+00
2.818615362631388344e+00
2.888176138347515298e+00
2.778853505188898954e+00
2.238780417928455613e+00
2.937016737789053256e+00
3.102230813002662124e+00
2.815253504709666288e+00
2.510398638518967385e+00
2.787855922273417164e+00
2.938883771259238387e+00
2.901631955555601827e+00
2.618634515892586112e+00
2.834705960798567848e+00
2.767306745015635450e+00
2.833400192854855337e+00
2.635103642909161437e+00
2.850493621689554224e+00
2.730091788030954980e+00
2.627893343964974981e+00
2.962644761434769958e+00
2.718363187483524790e+00
2.378258640041722938e+00
2.748741073352095832e+00
2.839004772070089722e+00
2.943212624738313465e+00
2.767436372135505529e+00
3.275627167568402776e+00
2.758910708180003724e+00
2.795192801357619494e+00
2.918039003605434889e+00
2.632435302915623332e+00
2.422512455203857495e+00
2.389793401461349553e+00
2.683692060800585644e+00
3.044801194281172130e+00
2.529336356852196488e+00
2.758088886761052905e+00
2.725184270252858809e+00
2.586181424872377566e+00
2.470107769010867482e+00
2.894435089926751026e+00
2.821262012096676042e+00
2.947626621907176503e+00
2.695647613661562136e+00
2.826132147042662801e+00
2.925598060931127620e+00
2.459575336683392788e+00
2.685923830372157983e+00
2.652696132048635302e+00
2.585940595223005012e+00
2.981684276972755843e+00
2.611883518339852550e+00
2.814686761476166588e+00
2.628204598804470216e+00
2.890375226816089604e+00
2.612892960703601553e+00
2.675231257492480808e+00
2.628524255239674368e+00
2.942115845222509130e+00
3.038847002700377775e+00
3.071640473857084164e+00
2.834353869975118734e+00
3.247689354964839570e+00
3.000569117586776802e+00
2.730976575994817690e+00
2.871816002979656002e+00
2.265568812420941214e+00
3.005247838082657275e+00
2.480099034663787005e+00
2.914582095202906231e+00
2.638219788976854829e+00
3.059738392092273163e+00
2.850493621689554224e+00
2.573970714770779100e+00
2.666461094059203951e+00
2.784606130604229790e+00
2.844529330642656006e+00
2.682072999243116040e+00
2.969766540676580302e+00
2.550358301812670092e+00
2.531676425080669368e+00
2.819414232746753513e+00
2.987777819312959604e+00
2.668647214490472486e+00
2.862374436250078258e+00
2.492089168360313689e+00
2.223969853456750911e+00
2.673983346758728175e+00
2.855052161488603524e+00
2.643358068069895594e+00
2.422421079126655385e+00
3.016065096483953489e+00
2.702217452181448376e+00
2.828710607706117486e+00
2.963471895417463475e+00
2.780393215278179397e+00
3.226992530078386157e+00
2.450189628281431720e+00
2.430492086146065489e+00
2.835624263402312550e+00
2.854872561621341287e+00
2.744804394131675984e+00
2.785978078683745363e+00
2.593734422471626111e+00
2.827253959694787433e+00
2.911635562701597291e+00
3.028464109302758445e+00
2.565135277365901523e+00
2.841352908399692456e+00
2.549714722694464974e+00
2.850058580187802892e+00
2.608219805898769561e+00
2.676411074520698818e+00
2.419863230438654256e+00
2.850850250693178545e+00
2.905628539101468011e+00
2.976803126636639263e+00
3.076849700361302009e+00
2.557844292304444878e+00
2.593542585905395104e+00
2.618634515892586112e+00
2.900501277500059150e+00
2.735286124834209964e+00
3.011915868547801800e+00
2.971686166060817147e+00
2.530379374279157823e+00
2.471046081323315491e+00
2.840364257317972374e+00
2.724664892571797115e+00
2.858762168488545363e+00
2.974307954490596817e+00
2.801475502748438373e+00
2.453357148572608892e+00
2.972897775007840249e+00
2.745584257615953483e+00
2.808878270271256916e+00
2.503492407376638695e+00
2.676411074520698818e+00
2.739399173900705975e+00
2.873966275092985523e+00
2.653001057997513623e+00
2.334042679056993475e+00
2.713901465806012325e+00
2.901288376260813706e+00
2.646376791283613361e+00
2.663881352513241652e+00
3.186765310796529693e+00
3.095011750479614410e+00
2.553165189097432286e+00
2.671187855199764982e+00
2.558213941068417263e+00
2.751749752877054256e+00
2.888801111904018448e+00
2.660619824838194258e+00
2.858031593751959143e+00
2.766029600010565304e+00
3.156671726886605356e+00
2.991055254428196530e+00
2.866664203036945135e+00
3.058043502819713488e+00
2.844151354609765647e+00
2.847607366864063572e+00
2.524002602999458222e+00
2.581831450975067277e+00
2.971450769025811400e+00
2.576373917735507391e+00
2.453274657037318285e+00
2.142499480436622861e+00
3.244196007400902193e+00
2.920016209345406288e+00
2.615527190314784090e+00
2.470107769010867482e+00
2.817777842650031950e+00
2.540489620449767560e+00
2.862458072562747979e+00
2.781456542980757618e+00
2.863633294791738226e+00
2.736064659230763141e+00
2.701386591916964175e+00
3.006427811805775896e+00
2.977656121553998947e+00
2.501643543060882102e+00
2.417914288445567106e+00
2.945941928511111474e+00
2.302816060688490207e+00
2.792177829553549540e+00
2.396888603848659649e+00
2.815764168661989419e+00
2.713408736097822072e+00
2.653001057997513623e+00
2.549141583244747267e+00
2.698678273502313374e+00
2.882739457155131024e+00
3.224228516108629705e+00
2.898879137550316898e+00
2.595196493132986504e+00
2.696002792013526772e+00
2.963471895417463475e+00
2.671418486035418649e+00
2.802312745654769621e+00
2.688449637208682130e+00
2.857941292054616333e+00
2.956159212609624554e+00
3.004534848171472206e+00
2.639244949022770736e+00
2.726928819624211631e+00
2.544487969244117576e+00
3.253178064202304931e+00
2.500869732198970574e+00
2.820831679017927307e+00
2.671418486035418649e+00
2.845055747030842408e+00
2.581384806883346705e+00
2.742822290101005311e+00
2.965026120295564116e+00
2.634989656204397068e+00
2.945941928511111474e+00
2.865840812588956510e+00
2.853950330644743794e+00
2.175645731105978253e+00
3.007918402323351614e+00
2.765168109718807443e+00
2.984141824668485210e+00
2.923971114301796348e+00
2.737782914160637127e+00
3.088816034306023806e+00
2.412965633525552267e+00
2.888801111904018448e+00
2.787534964201644705e+00
2.568007133737826297e+00
2.450634709858129145e+00
2.762827037902527483e+00
2.789083229272942166e+00
2.660442106325044520e+00
2.465596307315770730e+00
2.585063996820501142e+00
2.617806052639112480e+00
3.150639223567675895e+00
2.781849280196912133e+00
2.697843700084185947e+00
2.694889178169487032e+00
2.590666545158912371e+00
2.564858225052647267e+00
2.548112554935474172e+00
2.941063712045338008e+00
2.473379920836309864e+00
2.638219788976854829e+00
2.897539990351960082e+00
2.759614156195722146e+00
2.634993691603265464e+00
2.868240137248186272e+00
2.699713147506448863e+00
3.045517313394400016e+00
2.970800616483036727e+00
3.073703152917739434e+00
2.545158394875235874e+00
3.030800690761615179e+00
2.648521521686977742e+00
3.003514102775635131e+00
2.726350843289111481e+00
2.977656121553998947e+00
2.486663842681536618e+00
2.637849142265841884e+00
2.776004908590837594e+00
2.785161684995233422e+00
2.984141824668485210e+00
2.900501277500059150e+00
2.901883970946047775e+00
2.673841420487073073e+00
2.641094530619715108e+00
2.931998855251484848e+00
2.974022185584308531e+00
2.881669041844519885e+00
2.911389127289409462e+00
2.994822861152367732e+00
2.901883970946047775e+00
2.615903037282838017e+00
2.853115876028224918e+00
2.802647603536002840e+00
2.711193240736618826e+00
2.913593072334733414e+00
2.715562676018752786e+00
2.725649377716190980e+00
2.774737505904671053e+00
2.724512506709340531e+00
2.577542058211407916e+00
2.598547003150001533e+00
2.941251963799847768e+00
3.021018316639093815e+00
2.425949173744785803e+00
2.841423863401568273e+00
2.441396647145166909e+00
2.721465737975546695e+00
2.650559708902254563e+00
2.753341114832418057e+00
2.635129327616077877e+00
2.872057858953442899e+00
3.000663812774354788e+00
2.820926834534213778e+00
2.744144196434582739e+00
2.891401316809668831e+00
2.726598372318837615e+00
2.895836241707643310e+00
2.520012196707048346e+00
2.484034229124891802e+00
2.695202131147164337e+00
2.585167397405921275e+00
2.579023559233537988e+00
3.149774355480003951e+00
2.688023219878621806e+00
2.710706312665839501e+00
2.665319468402887804e+00
2.918039003605434889e+00
2.827838949886723352e+00
2.716854222465513224e+00
2.752306838000433409e+00
2.503450949306056383e+00
2.796295861290112317e+00
2.450189628281431720e+00
2.400369100234791109e+00
2.574362586979184631e+00
3.167232409345331678e+00
2.393792693763277413e+00
2.433959337203783324e+00
2.427692702951884662e+00
2.889033633074145957e+00
2.411472112315979466e+00
2.843086855922788647e+00
2.336437200956434701e+00
3.175591480773516384e+00
2.430864071821608352e+00
2.850027320257862762e+00
2.089674043756384769e+00
3.159316408867688608e+00
3.089219443984018820e+00
2.862393091372247067e+00
2.763813098300727411e+00
2.569614655563453365e+00
2.861552775267245607e+00
2.382121410733934574e+00
2.642495129431371215e+00
2.838990241411172288e+00
2.961637741996969275e+00
2.930050835693042366e+00
2.829744253354476768e+00
3.088816034306023806e+00
2.858718129550924303e+00
2.168928035447198699e+00
2.718434999907839877e+00
2.909304990188551709e+00
2.641157845024464823e+00
3.195760027102777734e+00
2.500869732198970574e+00
2.881202621423391008e+00
2.715326276795115845e+00
2.506723092288182464e+00
2.789647900803457148e+00
2.668647214490472486e+00
2.887178848269485343e+00
2.645113482392264181e+00
2.946282418334705167e+00
2.940107397537309541e+00
3.175061687026472956e+00
2.708226951043980701e+00
3.007918402323351614e+00
2.400369100234791109e+00
3.075330470104748581e+00
2.363307272661678393e+00
2.698730796217016170e+00
2.719589337259701090e+00
3.204922436700678112e+00
2.582121692558336790e+00
3.038847002700377775e+00
2.496392033219169360e+00
2.901883970946047775e+00
2.642882428544331308e+00
2.861797425622555568e+00
2.550358301812670092e+00
2.863422903566925637e+00
2.721225933043721845e+00
2.589969334650834121e+00
2.320863495545516741e+00
2.570320905576246595e+00
2.666023518093326938e+00
2.870754103959916037e+00
2.601698280012250120e+00
2.551884177967471690e+00
2.863633294791738226e+00
2.971951284602286414e+00
3.011915868547801800e+00
2.985458547624657566e+00
2.734069037217532916e+00
2.782331496162992579e+00
2.662476333917549454e+00
2.808615333467042063e+00
2.786903279242309850e+00
2.781623437349688643e+00
2.931998855251484848e+00
2.784020467848513203e+00
3.059738392092273163e+00
2.751673155369505519e+00
2.396888603848659649e+00
2.192784948666119060e+00
3.168389590644079767e+00
2.778101492451966692e+00
2.794212952909569392e+00
2.470885899158610233e+00
2.660619824838194258e+00
2.608219805898769561e+00
3.056636066922892248e+00
2.582590159969888610e+00
2.680228133547498004e+00
2.483501368274340759e+00
2.724754494171288233e+00
3.041531729571103959e+00
2.556661208207846592e+00
2.792204012837681937e+00
2.489622662134904463e+00
2.772786392302710290e+00
2.293026605088154923e+00
2.961637741996969275e+00
3.041531729571103959e+00
2.643732786979095195e+00
2.663546503638336560e+00
2.639539176362872386e+00
2.770421897733532646e+00
2.737355779541804424e+00
2.510398638518967385e+00
2.951869906905515428e+00
2.758660476705764975e+00
3.084655513877455846e+00
2.859343242963226395e+00
2.965026120295564116e+00
2.478379511826856341e+00
2.972897775007840249e+00
2.459575336683392788e+00
2.752065404246458513e+00
2.924323992318606180e+00
2.923835121797591974e+00
2.544827180027535274e+00
2.507177352597340647e+00
2.800051160436610509e+00
2.948850468334997199e+00
3.056636066922892248e+00
2.632435302915623332e+00
3.037374911007664657e+00
2.662505877857350711e+00
2.639244949022770736e+00
2.427746560155693345e+00
2.195604104362040232e+00
2.878301442209955763e+00
2.971450769025811400e+00
2.823603708344219143e+00
3.012941400619810306e+00
3.003514102775635131e+00
2.807135678109028198e+00
2.827310492639663941e+00
2.858696035217465514e+00
3.030800690761615179e+00
1.947688674047517221e+00
2.941063712045338008e+00
2.711543698219436749e+00
2.776126763846994194e+00
2.774404533856658972e+00
2.296989695142597654e+00
2.602453417998135343e+00
2.657729347177406609e+00
2.867398687750789765e+00
2.911635562701597291e+00
2.877738056869934002e+00
2.617358981748215463e+00
2.105931556904937718e+00
2.772140377593035332e+00
2.334042679056993475e+00
2.581384806883346705e+00
2.977619480736710678e+00
2.590682642285862425e+00
3.088437201739218985e+00
3.137535473516647411e+00
2.825135123201435228e+00
2.486663842681536618e+00
2.581384806883346705e+00
2.466372873028689572e+00
2.937016737789053256e+00
2.622155451075521171e+00
2.716996530293180445e+00
3.073703152917739434e+00
2.669748504554677382e+00
2.922173097718985701e+00
2.371081934753077380e+00
2.329955107355318855e+00
2.531676425080669368e+00
2.604810856020066012e+00
2.841628386005699447e+00
2.723937428718779419e+00
2.639539176362872386e+00
2.697843700084185947e+00
2.762358451367529000e+00
3.087817821734298196e+00
2.759713620684987934e+00
2.845410030517645517e+00
2.733570799470222745e+00
2.505305819785446531e+00
2.988014699795241036e+00
2.743626758000345056e+00
2.704459919799339751e+00
2.489201160751110642e+00
2.915004432980583093e+00
2.601698280012250120e+00
2.521523105531968234e+00
3.049619744872121618e+00
2.815645922155008307e+00
3.062121322840081650e+00
2.878550827756286346e+00
3.003514102775635131e+00
2.675460333563725701e+00
2.592419855942408979e+00
2.881202621423391008e+00
2.858278843048605911e+00
3.021018316639093815e+00
2.771477831054891539e+00
2.564858225052647267e+00
2.786295262376548010e+00
2.347743295918190753e+00
2.749362093820294728e+00
3.016065096483953489e+00
2.212469096954198022e+00
2.688394744618231247e+00
2.632435302915623332e+00
2.880486856488882808e+00
2.699984979283361231e+00
2.817137057021062763e+00
2.451457355828648321e+00
2.594071611407879008e+00
2.763947864849793490e+00
2.713460687771311441e+00
2.718310247648592082e+00
2.814779614203188007e+00
2.736447109418260304e+00
2.429308026968276302e+00
2.545158394875235874e+00
2.604954882494718404e+00
2.614781641210524477e+00
2.325208412691885052e+00
2.360803640827670691e+00
2.923125080871193049e+00
2.495389250668855308e+00
2.330919978906437873e+00
2.724609526229218925e+00
2.992006262353878121e+00
2.724692520269788254e+00
2.592663696520453254e+00
2.962644761434769958e+00
2.549714722694464974e+00
2.201000821342008251e+00
2.918421660184272515e+00
2.688449637208682130e+00
2.859343242963226395e+00
2.627893343964974981e+00
2.679356038701746101e+00
2.711470981823702608e+00
2.579322300704361748e+00
3.094824341190087313e+00
2.765599677201008966e+00
2.760289819867530081e+00
2.641491741354506928e+00
2.615197424816506189e+00
2.592663696520453254e+00
2.541898175586755571e+00
2.669367137411875923e+00
2.612892960703601553e+00
2.803806234324729196e+00
2.969766540676580302e+00
2.648985047604429433e+00
2.558213941068417263e+00
2.870754103959916037e+00
2.531455435672670173e+00
3.125983944656663294e+00
2.739804560819266932e+00
2.810399521575023485e+00
2.765269087714391727e+00
2.700335805600345918e+00
2.436485457004606392e+00
2.671023318038465266e+00
3.001735287871913460e+00
2.648805202793226066e+00
2.731255217571782801e+00
2.755992940266165370e+00
2.615527190314784090e+00
2.550358301812670092e+00
3.028464109302758445e+00
2.706173875678327345e+00
2.838270074183403047e+00
2.858278843048605911e+00
2.715453294214694502e+00
2.822663579789109978e+00
2.653064628302947092e+00
2.705606010978613973e+00
2.806416745455958761e+00
2.314733490544247374e+00
2.634989656204397068e+00
2.815783585872856598e+00
2.696002792013526772e+00
2.902840907419953709e+00
3.102061273650491557e+00
2.542962550171323333e+00
2.575008345969810097e+00
2.894482002003634591e+00
2.652223173484410168e+00
2.830010440708099484e+00
2.883480801709293662e+00
2.628076339994397159e+00
2.407535922620950952e+00
2.984522213895697274e+00
3.231117070528335855e+00
3.075140085535014389e+00
2.727620635180703967e+00
2.697712169861555154e+00
2.915004432980583093e+00
2.580845560003267813e+00
2.671418486035418649e+00
2.952890098561820054e+00
2.787002569415800934e+00
2.741471390347100190e+00
2.999550226909885708e+00
2.615980752996692971e+00
2.720511439310382418e+00
2.590666545158912371e+00
2.644311088863518400e+00
2.769997899506028372e+00
2.827279276731951452e+00
2.624197084385993861e+00
2.576900471668195358e+00
3.059600776955224699e+00
2.649820412473030018e+00
2.741685812091728458e+00
2.857217215100456009e+00
2.841352908399692456e+00
2.816043692057654368e+00
2.857203494070231553e+00
2.834939101415415497e+00
2.593734422471626111e+00
2.722122791132276287e+00
2.764408103694882435e+00
2.718348463937673376e+00
2.848647215525228038e+00
3.086782799680352962e+00
2.639539176362872386e+00
3.037374911007664657e+00
2.651123733678489636e+00
2.620893256621359413e+00
2.492089168360313689e+00
2.624197084385993861e+00
2.731579528049593364e+00
2.496392033219169360e+00
2.470293412769100527e+00
2.914582095202906231e+00
2.543437219732770593e+00
2.985766527325633746e+00
2.918350877796858533e+00
2.452749566985218621e+00
2.886993385013380209e+00
2.670015855222363843e+00
2.702807261820473261e+00
2.638623731215854029e+00
2.389793401461349553e+00
2.511514822137837832e+00
2.638219788976854829e+00
2.550095910449395209e+00
2.681221437572752997e+00
2.727760407742279458e+00
2.839702798003624018e+00
2.761448434408585229e+00
2.130761682611151731e+00
2.744196735446885249e+00
3.054985336298256193e+00
2.888853882705451515e+00
2.772886108155196538e+00
2.835401770610504357e+00
2.651868657341301727e+00
2.463267594438858676e+00
2.675177245210434318e+00
2.777864312471145070e+00
2.531676425080669368e+00
2.356028869477821086e+00
3.077255378493092053e+00
2.702056916389967700e+00
2.868992138024566874e+00
3.036604314896457879e+00
2.505452840087347255e+00
3.069218761607645618e+00
2.671724728097870205e+00
2.483501368274340759e+00
2.516436315963022086e+00
2.793650247089454197e+00
2.682142109247486417e+00
2.958027735854757534e+00
2.651868657341301727e+00
2.551884177967471690e+00
3.324624359297943865e+00
2.965684962296416760e+00
2.746245009147445515e+00
2.748025201996256772e+00
2.704459919799339751e+00
2.594071611407879008e+00
3.283701692140782669e+00
2.828338602993587969e+00
3.023261486276189292e+00
3.054985336298256193e+00
2.480099034663787005e+00
2.844137570647396362e+00
2.663518831102244633e+00
2.718322802047087983e+00
2.712644176885680380e+00
2.888853882705451515e+00
2.912508380211686898e+00
2.484400943716906340e+00
3.033523422413205939e+00
2.881669041844519885e+00
2.718421451795484334e+00
2.344587750683784666e+00
3.004534848171472206e+00
2.235718170692095885e+00
2.669748504554677382e+00
2.886993385013380209e+00
2.364825436048303864e+00
2.963194818799776087e+00
2.576765700767086997e+00
2.890375226816089604e+00
2.590893535077781085e+00
3.023261486276189292e+00
2.406666356590132949e+00
3.093401650154856686e+00
2.732069857795775825e+00
2.985458547624657566e+00
2.647144222892053644e+00
2.470107769010867482e+00
2.819116708230581914e+00
2.773727967813071071e+00
2.908738547514811312e+00
2.650559708902254563e+00
2.830476943883003305e+00
3.045517313394400016e+00
2.834200685215578996e+00
2.484400943716906340e+00
2.961637741996969275e+00
2.652650130333680245e+00
2.558213941068417263e+00
2.951869906905515428e+00
2.808129615310650973e+00
2.540489620449767560e+00
2.395620179520065562e+00
2.848717972834148071e+00
3.019329645874152313e+00
2.540489620449767560e+00
2.727804438989139157e+00
2.987437506891779115e+00
2.692975542133786426e+00
2.772515703029545975e+00
2.455294195039681604e+00
2.698730796217016170e+00
2.747869602625934604e+00
2.981684276972755843e+00
2.652223173484410168e+00
2.650997571642471407e+00
3.194308171557367348e+00
2.756735016305027042e+00
2.786080851806079117e+00
2.862374436250078258e+00
2.219665311255976547e+00
2.529336356852196488e+00
2.894877109652099545e+00
2.296989695142597654e+00
2.620893256621359413e+00
2.841628386005699447e+00
2.965026120295564116e+00
2.604954882494718404e+00
2.795499955804456871e+00
2.976803126636639263e+00
2.952890098561820054e+00
2.781285798389781405e+00
2.698260436940638218e+00
2.535503934512162605e+00
2.920016209345406288e+00
2.820578605819171081e+00
2.782469040262686377e+00
2.763371704055581191e+00
2.955229542411177412e+00
2.756498441999558846e+00
2.784010801083881326e+00
2.830528043206979927e+00
2.595810744034594553e+00
2.845993028802347169e+00
2.719910922575095480e+00
2.347687771610269980e+00
2.889771242707609211e+00
2.879511226067644980e+00
2.547053156347319103e+00
2.669367137411875923e+00
2.711193240736618826e+00
2.580845560003267813e+00
2.963471895417463475e+00
2.963194818799776087e+00
3.088675894067366645e+00
2.700129993625702163e+00
2.894435089926751026e+00
2.584464398554923381e+00
2.806637044508546897e+00
2.777112372675996976e+00
2.858718129550924303e+00
2.556746878710442150e+00
2.970430760080727151e+00
2.780904454939780557e+00
2.549141583244747267e+00
2.503492407376638695e+00
2.735638352468591883e+00
2.680023359725981269e+00
2.690469508940011245e+00
2.320863495545516741e+00
2.838439425044457565e+00
2.749888743260496149e+00
2.862689138065326766e+00
2.580845560003267813e+00
2.574362586979184631e+00
2.652650130333680245e+00
2.821553927343394719e+00
3.069218761607645618e+00
2.812939352013514416e+00
2.894482002003634591e+00
3.175061687026472956e+00
2.831831935915850806e+00
2.858031593751959143e+00
3.000663812774354788e+00
2.882122362743743782e+00
2.599701520872986116e+00
2.734842659523063713e+00
3.212528935280720255e+00
2.705187467529635903e+00
2.923971114301796348e+00
2.987437506891779115e+00
2.987437506891779115e+00
3.213713946684353839e+00
2.654395135285512630e+00
2.925590181716689830e+00
2.932220441999344285e+00
2.890005516948006559e+00
2.859261313895304024e+00
2.492988905218402440e+00
2.697185496638326185e+00
3.257168559845428302e+00
2.550095910449395209e+00
2.635999739257644858e+00
2.687368303003264458e+00
2.912508380211686898e+00
2.888176138347515298e+00
2.858487990462214690e+00
2.447310320773472547e+00
2.544827180027535274e+00
2.590682642285862425e+00
2.501643543060882102e+00
2.826489004850885944e+00
2.379886343002123095e+00
2.946194276288143676e+00
3.026146268687321506e+00
2.711545363909937389e+00
2.739530856396493519e+00
2.579023559233537988e+00
2.688394744618231247e+00
2.465596307315770730e+00
2.546806563272216550e+00
2.825753861057215044e+00
2.949208136569527294e+00
2.318262810658866968e+00
2.798778948654997656e+00
2.880254926264450788e+00
2.876399741714514846e+00
2.965684962296416760e+00
2.808001615180422572e+00
2.715666962571007481e+00
2.652280522581898836e+00
2.117105863789105147e+00
2.994822861152367732e+00
2.900685356953469629e+00
2.887178848269485343e+00
2.922173097718985701e+00
2.624462190321600996e+00
2.546814153539172398e+00
2.724409399357086592e+00
2.866664203036945135e+00
2.891960607433830877e+00
2.556746878710442150e+00
2.906452793509898047e+00
3.000569117586776802e+00
2.757965216866125502e+00
2.985458547624657566e+00
2.628524255239674368e+00
3.225907668356049030e+00
2.716896833705053638e+00
3.344520194097599042e+00
2.470885899158610233e+00
2.891401316809668831e+00
2.948864776546339606e+00
2.898879137550316898e+00
2.680056812193089222e+00
2.761951906575178306e+00
2.530379374279157823e+00
2.535187021736156954e+00
2.727578365620145107e+00
2.848183268027695725e+00
2.925590181716689830e+00
2.492988905218402440e+00
2.770455357871323798e+00
1.999564115849278068e+00
3.000663812774354788e+00
3.037374911007664657e+00
2.828008806237892969e+00
2.988014699795241036e+00
2.241073229619974683e+00
2.453357148572608892e+00
3.087817821734298196e+00
2.595810744034594553e+00
2.759237218031393546e+00
2.393792693763277413e+00
2.618057067266075233e+00
2.745176191472273430e+00
2.319294162005249405e+00
3.075140085535014389e+00
2.764597915591729738e+00
2.722439670397835521e+00
2.664879306333923115e+00
2.760706724955415137e+00
2.705081957545433013e+00
2.557175199865958870e+00
2.473379920836309864e+00
2.478379511826856341e+00
3.084976341818923995e+00
2.604810856020066012e+00
2.939561427988832243e+00
2.746420106956137808e+00
2.568007133737826297e+00
3.103608992029005531e+00
2.556746878710442150e+00
2.384476678068227606e+00
2.897539990351960082e+00
2.730221093152691569e+00
2.743520680453892080e+00
2.696150450466291204e+00
2.850919321644187931e+00
2.905628539101468011e+00
2.855362598672455565e+00
2.689089814485731367e+00
2.648521521686977742e+00
2.852080490288982695e+00
2.547053156347319103e+00
2.329955107355318855e+00
2.771361467172738458e+00
3.069218761607645618e+00
2.840509153500041517e+00
2.795695991601277353e+00
2.557175199865958870e+00
3.088675894067366645e+00
2.785284614791468272e+00
2.767028388389520810e+00
2.496941388127660755e+00
2.697134714874622308e+00
2.789490971659377649e+00
2.871442948715859700e+00
2.688333620788691647e+00
2.626371897645760178e+00
2.843479272958268744e+00
2.782186206791081862e+00
3.242045083432296249e+00
2.592419855942408979e+00
2.848647215525228038e+00
2.732250447189964682e+00
2.657191334925152582e+00
2.808379628835584008e+00
2.976678087009457574e+00
2.619948695890832013e+00
3.019567337130723228e+00
2.901288376260813706e+00
3.300039299720650909e+00
2.855343318990112067e+00
2.666023518093326938e+00
2.741579012951574690e+00
2.923971114301796348e+00
2.470885899158610233e+00
2.673806649704215666e+00
3.063362236308127429e+00
2.573970714770779100e+00
2.670015855222363843e+00
2.899257769912000793e+00
2.999550226909885708e+00
2.925010679642678468e+00
2.388108563217647973e+00
2.611883518339852550e+00
2.759342392971014135e+00
2.879511226067644980e+00
2.520012196707048346e+00
2.852099738380414973e+00
2.913593072334733414e+00
2.501517588447048190e+00
3.087817821734298196e+00
2.877890839688612701e+00
2.789271030293351217e+00
2.934650532769242481e+00
2.779240655440754715e+00
2.742876254600953079e+00
2.853115876028224918e+00
2.683583252369335259e+00
2.496941388127660755e+00
2.925010679642678468e+00
2.829744253354476768e+00
2.801335143977033759e+00
2.628076339994397159e+00
2.641157845024464823e+00
3.076338228058798752e+00
2.956159212609624554e+00
2.708226951043980701e+00
2.962644761434769958e+00
2.452749566985218621e+00
2.567291902220499189e+00
2.991055254428196530e+00
2.779082140914681087e+00
3.019329645874152313e+00
2.832800789902819361e+00
2.774266218645489168e+00
2.927338282642383938e+00
2.388108563217647973e+00
2.732315630469959622e+00
2.780670237428313207e+00
2.282742706734205651e+00
2.503450949306056383e+00
2.428768976664367418e+00
2.566779081519460437e+00
2.531455435672670173e+00
2.520156266572535664e+00
2.787141130498571151e+00
2.635129327616077877e+00
2.232316507346808976e+00
2.484400943716906340e+00
2.717107475055838606e+00
2.992006262353878121e+00
2.543437219732770593e+00
2.504057766008128016e+00
2.803036197207220415e+00
2.905685444977125886e+00
2.673806649704215666e+00
2.704243905443176832e+00
2.854957806718067204e+00
2.834418245547535964e+00
2.824048771491062926e+00
2.778079592086084126e+00
2.689089814485731367e+00
2.535187021736156954e+00
2.648985047604429433e+00
2.423846841291842580e+00
2.971085083265208482e+00
2.618057067266075233e+00
2.832648782689775935e+00
2.777906531120186262e+00
2.646376791283613361e+00
2.773561870804874818e+00
3.299278522619852438e+00
2.511514822137837832e+00
2.643358068069895594e+00
2.855139337688335388e+00
2.614781641210524477e+00
2.733091944184570465e+00
3.026146268687321506e+00
2.386204023777142691e+00
2.111800229614563928e+00
2.902387041996528527e+00
2.707245444279159141e+00
2.238093782022013034e+00
2.564435545362007129e+00
2.630099805373641075e+00
2.688824610892745159e+00
2.663881352513241652e+00
2.773398614062305256e+00
2.695569249014041713e+00
2.789228814663644584e+00
2.548112554935474172e+00
2.761938385087981285e+00
3.112517019299655630e+00
2.604607198912946675e+00
2.470293412769100527e+00
2.694335721066723810e+00
2.566779081519460437e+00
3.102230813002662124e+00
3.084976341818923995e+00
2.816275428345103915e+00
2.636288423619688626e+00
2.920016209345406288e+00
2.970800616483036727e+00
3.038847002700377775e+00
2.314733490544247374e+00
2.659739299356049358e+00
2.371081934753077380e+00
3.059600776955224699e+00
2.857198378173635867e+00
2.576373917735507391e+00
2.580925884748570542e+00
2.838346557522926084e+00
2.687368303003264458e+00
3.028464109302758445e+00
2.925580824075838304e+00
2.624462190321600996e+00
3.026314883584083404e+00
2.615903037282838017e+00
3.017249157454249264e+00
2.422512455203857495e+00
2.718528585055543179e+00
2.862591366308455676e+00
2.520156266572535664e+00
3.012941400619810306e+00
2.792834744616421894e+00
2.584464398554923381e+00
2.729064429928691915e+00
2.683692060800585644e+00
2.620311712510535962e+00
2.792512081392096501e+00
2.801700835027516767e+00
2.894840095978445049e+00
2.753080254298771123e+00
2.673551206885559139e+00
2.838270074183403047e+00
2.755383169139864918e+00
2.582700253089553755e+00
2.589302294116461400e+00
2.878301442209955763e+00
2.683583252369335259e+00
2.848183268027695725e+00
2.770714534449436606e+00
3.176153300139167968e+00
2.792416956478033008e+00
2.948850468334997199e+00
2.705081957545433013e+00
3.005247838082657275e+00
2.845055747030842408e+00
2.798433405221650183e+00
2.868958362171746934e+00
2.541898175586755571e+00
2.727259778448678507e+00
2.652650130333680245e+00
2.406666356590132949e+00
2.906930854743473791e+00
2.702366904726833496e+00
2.786125993024895386e+00
2.879823405909739620e+00
2.585940595223005012e+00
2.827253959694787433e+00
2.862591366308455676e+00
2.971951284602286414e+00
3.084655513877455846e+00
2.701793525136954699e+00
2.999550226909885708e+00
2.595196493132986504e+00
2.569614655563453365e+00
2.745797239002922829e+00
2.837932103470309553e+00
2.490218837708340516e+00
2.755194866297263179e+00
2.918350877796858533e+00
2.777532723714163154e+00
2.405308972517029797e+00
2.436485457004606392e+00
2.813681927749313694e+00
2.794312205404522853e+00
2.765404895858417422e+00
2.710200528067056247e+00
2.660420670710238245e+00
2.889603298305889467e+00
2.731607006703403506e+00
2.427746560155693345e+00
2.747248789054789420e+00
2.504057766008128016e+00
2.654395135285512630e+00
2.679000944408969076e+00
2.741455024863616696e+00
3.018834359699761549e+00
2.942115845222509130e+00
2.977619480736710678e+00
2.378258640041722938e+00
2.947626621907176503e+00
2.794779417518519882e+00
2.673551206885559139e+00
2.694639077635023305e+00
3.039842393399227571e+00
2.557844292304444878e+00
2.829957309729668857e+00
2.894864918986955082e+00
2.682494766881896364e+00
2.652271613331953937e+00
2.315378723036059405e+00
2.879261608921310778e+00
2.668647214490472486e+00
2.812386524331001780e+00
2.463132203882685722e+00
2.501517588447048190e+00
2.726251354892150314e+00
2.845993028802347169e+00
3.047977328095539118e+00
2.708983880877396277e+00
2.772975149144618179e+00
2.930050835693042366e+00
2.796112317909647871e+00
2.652157073957377875e+00
2.754985620197754059e+00
2.794010660350347841e+00
2.524002602999458222e+00
2.641491741354506928e+00
2.739202479857574701e+00
2.615980752996692971e+00
2.788209228964817932e+00
2.859261313895304024e+00
3.107511202295150099e+00
2.521523105531968234e+00
2.900685356953469629e+00
2.784426604016914109e+00
2.931998855251484848e+00
2.696150450466291204e+00
2.648985047604429433e+00
2.506723092288182464e+00
2.662476333917549454e+00
2.675365670702255727e+00
2.726515447813370852e+00
2.427692702951884662e+00
2.653425263682005042e+00
2.806374328669972940e+00
2.685923830372157983e+00
2.530379374279157823e+00
2.984522213895697274e+00
2.611011741895132854e+00
2.652696132048635302e+00
2.894749348173005554e+00
2.923835121797591974e+00
2.616214662322390083e+00
2.620311712510535962e+00
2.664879306333923115e+00
2.785929876820073758e+00
2.992006262353878121e+00
3.041531729571103959e+00
2.665319468402887804e+00
2.797191734531113916e+00
2.625432345437696213e+00
2.484034229124891802e+00
2.996058906785395326e+00
2.796100124299129241e+00
2.905191091105308043e+00
2.670515261890400449e+00
2.551884177967471690e+00
2.885494571417597243e+00
2.330336415108726467e+00
3.023261486276189292e+00
2.615567761692914939e+00
2.712656251690592324e+00
2.653425263682005042e+00
2.750639354145567150e+00
2.858762168488545363e+00
2.697185496638326185e+00
2.823444944221736641e+00
2.495389250668855308e+00
2.868958362171746934e+00
2.696919172403330123e+00
2.779549983382278544e+00
2.585167397405921275e+00
3.226024353922848587e+00
2.870094361108347591e+00
2.818269292931363523e+00
2.905191091105308043e+00
2.500869732198970574e+00
2.857217215100456009e+00
2.599701520872986116e+00
2.824611370891195072e+00
2.715666962571007481e+00
2.722440078133640196e+00
2.618794242467183064e+00
2.931221755993309586e+00
2.766512551791590724e+00
3.047977328095539118e+00
2.780423118542475258e+00
2.411472112315979466e+00
2.217219402357817781e+00
3.005247838082657275e+00
2.932220441999344285e+00
2.890005516948006559e+00
2.647208235345940519e+00
2.862245072834145088e+00
2.544487969244117576e+00
2.798129458252064161e+00
2.816815993507812088e+00
2.882122362743743782e+00
2.581831450975067277e+00
2.963194818799776087e+00
2.617293760603812913e+00
2.939561427988832243e+00
2.774481298259888540e+00
2.635999739257644858e+00
2.589302294116461400e+00
2.618057067266075233e+00
3.228027226228991076e+00
2.650438497131490934e+00
2.924323992318606180e+00
2.945941928511111474e+00
2.703242721476663668e+00
2.699713147506448863e+00
3.363375834533075093e+00
2.624197084385993861e+00
3.124710832253113413e+00
2.760811004651273493e+00
2.870573352576598847e+00
2.970430760080727151e+00
2.840821057768229352e+00
2.837831758585442454e+00
2.832648782689775935e+00
2.363307272661678393e+00
2.970800616483036727e+00
2.641094530619715108e+00
2.974022185584308531e+00
2.952870014983379754e+00
2.756899549771848257e+00
2.503750717331225228e+00
2.858927471848762281e+00
2.421409697177237863e+00
3.062121322840081650e+00
2.700129993625702163e+00
2.743616244243227698e+00
2.701223904433041945e+00
2.906930854743473791e+00
3.044801194281172130e+00
2.318262810658866968e+00
3.124710832253113413e+00
2.395620179520065562e+00
2.844151354609765647e+00
2.795887510544577736e+00
2.805339525614828133e+00
3.093401650154856686e+00
2.778317187690014123e+00
2.818836905703658413e+00
2.713408736097822072e+00
2.549704848389006351e+00
2.679000944408969076e+00
2.894435089926751026e+00
2.927338282642383938e+00
2.692284513541359559e+00
2.900608250053152926e+00
2.902840907419953709e+00
2.353177209078872512e+00
2.783902988343585516e+00
2.719601446898799679e+00
2.637849142265841884e+00
2.790141851634204251e+00
2.628204598804470216e+00
2.887178848269485343e+00
